%YAML:1.0

cam0:
  T_imu_cam: #rotation from camera to IMU R_CtoI, position of camera in IMU p_CinI
    - [-0.30391918, -0.79831395,  0.51993074, -0.05195440637617857]
    - [0.50539149,  0.32752753,  0.79831395, 0.012655050280492696]
    - [-0.80759679,  0.50539149,  0.30391918, 0.005695776071192284]
    - [0.0, 0.0, 0.0, 1.0]
  cam_overlaps: [1]
  camera_model: pinhole
  distortion_coeffs: [0.30219806837496746,-0.02149991534580404,-0.0002497397372516134,0.000060560040605677348]
  distortion_model: radtan
  intrinsics: [269.6842474086801,269.7882977693903,322.5578605887897,228.87319994407376]
  resolution: [640, 480]
  rostopic: /cam0/image_raw
cam1:
  T_imu_cam: #rotation from camera to IMU R_CtoI, position of camera in IMU p_CinI
    - [-0.34961397, -0.70499446,  0.61705177, 0.05645131964241192]
    - [ 0.64362723,  0.29787044,  0.70499446, 0.013367520829980858]
    - [-0.68081867,  0.64362723,  0.34961397, 0.005817523980411749]
    - [0.0, 0.0, 0.0, 1.0]
  cam_overlaps: [0]
  camera_model: pinhole
  distortion_coeffs: [0.5583172692824788,0.5318767353683427,-0.000048499786577281648,-0.00010215399449113709]
  distortion_model: radtan
  intrinsics: [268.32364529421599,268.36616184269249,323.18415014901009,236.88768983819339]
  resolution: [640, 480]
  rostopic: /cam1/image_raw
